14,1,3,2,4
14,1,5,6
14,1,2,5,6
1,5,6
14,1,3,4
15,1,4
15,3
14,2,6
14,2
1,5,4
14,1,3,2
14,6
14,1,5
15,14,3
3,2,5,4
1,2,5
3,5,4
1,2,5,6
1,3,2,6
14,1,2,5
3
14,1,3
1
1,3,2,4,6
15,1,2
5
14,1,3,6
1,5
1,3,2
2,4
14,3,2,5
14,1,2,5,4
1,3,4
1,3,4,6
3,2,5
4,6
15,1
14,3,5
1,3,6
14,4
2,6
14,1,5,4
14,2,4
15,5
14,4,6
15,14,1,2
15,2,5
15,14,1
15
1,5,4,6
1,2,5,4,6
1,3
14,2,4,6
2,4,6
3,5,6
1,3,2,4
3,5
15,14,5
1,2,5,4
14,1,2,4
15,14
2,5,4,6
14,1,4,6
14,3,4
14,3,2,4
1,2,4,6
1,2,6
4
1,3,2,5,4
1,3,2,5
2,5,6
14,1,3,5
1,4,6
14,3,6
15,14,2
14,3,2
14,1,6
1,2
5,4
5,4,6
15,14,1,3
14,1,2
3,2,4
1,4
2,5
3,6
5,6
15,1,5
14,2,5,6
1,6
3,4
14,2,5
15,2
2
6
1,2,4
14,5,6
14,5,4
2,5,4
14,1,3,2,5
14,2,5,4
3,2
14
1,3,5,4
14,5
14,1,4
15,14,1,5
14,3
3,4,6
14,1,2,6
3,2,4,6
15,1,3
1,3,5,6
1,3,5
15,1,2,5
3,2,6
14,1
14,1,2,4,6
15,4
